14
22
26
28
37
38
41
54
55
56
62
63
65
86
88
89
90
93
95
107
114
120
130
131
133
137
143
146
153
166
169
180
185
186
200
201
202
207
209
219
287
321
377
444
467
474
503
569
583
589
636
640
643
682
771
815
971
1114
1138
1171
1248
1353
1365
1404
1412
1500
1505
1627
1724
1827
1877
1941
1951
1982
2008
2065
2076
2187
2190
2227
2285
2310
2377
2405
2443
2626
2647
2670
2752
2778
2895
2930
2949
2996
3078
3090
3143
3208
3231
3293
3859
3888
4073
5087
5326
5759
7069
7406
7636
7819
8596
10403
10703
11082
11670
11822
12107
12366
12549
12979
13846
15060
15081
15339
15696
17017
17136
17359
17435
17458
18040
18559
18694
19036
19288
19317
21056
21331
21432
23180
23430
23589
23695
24162
24262
24817
24996
25899
25936
26907
27058
28171
29298
29652
29804
30964
31260
32356
33261
33270
33833
33884
34792
35216
35573
35818
35857
35888
36487
36625
36928
37198
37248
37708
37914
40303
41610
41620
41847
42599
43789
44678
46098
46155
46620
47602
47759
48237
48266
48496
48877
48928
49566
49852
49925
50223
52077
52533
53223
53737
66277
66291
68387
70152
76671
78213
95123
98445
99626
104084
107167
112016
113002
119599
121047
122777
134018
145864
147444
148870
157045
157598
158858
160133
173281
183603
188947
190276
196287
196844
197428
208730
211239
212824
216811
218274
219162
240514
243133
252179
255426
262023
262934
263651
276078
277665
279970
281732
286224
291659
298905
305762
315288
327026
328809
329784
330341
337415
349908
350290
364936
365633
367322
367347
372987
373343
373661
377291
382976
384229
387019
388230
399324
413912
414035
418683
430752
433194
436775
453078
474662
478045
478130
478271
480624
486071
493047
493727
501793
501994
505866
524139
524675
528827
530087
531208
532751
533819
540050
546812
564212
564514
568902
569840
578221
580965
591269
596554
599935
601109
610579
616337
616865
630437
631983
632222
632685
645087
647022
651644
660937
661361
664295
678728
686446
705534
709863
717697
723705
732447
741996
742174
746529
751477
756363
757399
758050
762107
763283
766533
777874
779853
785603
789482
793316
793758
796873
805215
807162
811175
817201
817835
822980
823151
823263
833796
836028
839702
847695
875840
881992
893400
893759
906194
910713
913323
915489
924274
926681
927288
930914
935868
949103
966982
968159
969294
969644
974519
974954
978477
994173
994376
1010227
1014884
1020258
1027413
1029805
1033773
1034893
1045426
1047838
1060137
1069448
1076749
1077060
1080325
1084466
1092790
1094603
1096672
1122855
1150676
1169042
1192856
1220189
1288875
1304370
1335547
1401952
1404719
1409787
1456976
1489938
1497260
1527676
1531260
1533113
1777629
2065780
2086034
2325043
2348480
2405636
2407017
2444914
2479238
2518441
2550783
2642544
2688062
2698311
2706643
2841427
2858145
2859065
2869850
2881091
2891709
2958003
3070618
3213091
3240967
3292621
3337048
3340851
3420378
3458435
3512223
3515105
3585988
3681033
3735784
3830586
3891518
3898313
3937883
3946439
4007923
4018086
4080094
4220686
4245140
4253605
4273398
4281517
4292390
4372363
4445727
4488855
4543982
4551540
4694639
4721448
4794602
4834634
4853573
4875067
4908286
4983916
5084772
5098523
5112815
5192698
5206546
5313871
5423990
5428602
5471316
5480147
5551667
5663992
5664153
5798900
5799570
5809609
5823051
5852909
5971533
6003497
6054817
6193799
6200629
6219773
6257894
6306267
6382771
6391782
6399820
6479120
6490059
6506737
6561162
6572754
6611335
6652296
6812719
6901467
6956476
6975741
7060705
7128857
7223043
7265113
7297472
7317822
7333727
7417249
7471798
7494412
7536975
7557199
7713183
7777727
7875641
7879107
7892284
7928990
7970580
7987108
8072165
8175484
8300789
8307538
8403725
8406841
8472905
8498933
8579138
8591729
8677409
8694525
8722054
8770971
8885528
8912003
8953561
8959539
9067796
9115595
9123353
9152622
9214958
9301941
9330621
9394073
9550200
9570259
9670632
9736461
9777595
9873548
9890819
9951527
9966454
9985816
9996639
10003495
10038053
10082981
10199805
10337185
10391053
10503919
10514779
10555962
10763167
10807832
10852791
10907992
10935425
10937917
10942155
10974412
10984190
11004342
11018856
11065701
11067517
11147216
11206059
11366453
11431691
11434294
11436324
11442852
11520283
11522764
11561679
11576099
11578538
11622384
11664993
11667144
11683489
11760035
11839218
12126332
12282111
12344868
12363550
12584267
12589507
12631779
12758805
12783209
12825833
12857092
12877596
12905468
13090031
13113468
13121721
13128331
13137046
13141770
13150620
13231329
13328648
13382834
13403868
13571088
13572534
13742375
13754743
13756436
13811446
13842844
13934335
13992904
14001955
14015434
14183772
14221297
14310197
14311988
14321718
14371870
14381382
14392279
14615203
14665559
14783657
14810090
14820696
14837273
14918215
15011280
15012765
15017002
15021274
15125443
15167911
15192711
15340728
15387114
15394136
15546054
15659290
15663743
15721306
15810596
15854669
15864993
15942232
16032021
16168628
16190277
16202765
16211335
16287409
16339797
16360142
16361610
16387463
16481199
16605034
16761371
16796128
16831022
16845607
17473542
19102274
19439893
19441203
19841616
19964918
20030948
20146296
20348899
21676124
21828355
22853871
22875839
22932714
23215328
23526260
23605384
24231031
25796312
26218307
26922871
27446740
27451609
27782688
28267223
29064086
29354023
29665233
29694314
30489856
31302060
31406377
31766366
32036833
32149364
32269918
33264191
34144482
35084007
35970435
36914673
36935813
38730750
38759086
38863839
39249891
39396494
39597144
41290425
41293823
41521697
42219243
44916302
44983629
45012319
45371877
45526682
45563391
45564523
45775351
47717482
48062309
48166417
49079957
49178200
49996981
50557701
50828152
51869165
51891380
52205539
52992547
53712016
54042919
54459691
54852458
54876130
55557053
56159959
56312172
56963348
57083069
57168071
57193115
57968714
58102189
58929639
59335313
59603554
60544037
60776170
61258460
61421877
61670723
62043852
62430625
62717714
64030153
65703313
65808932
67897090
67951299
69032228
69379683
70095874
70247115
70709257
70941498
71188989
71440365
72005671
72221520
73269744
73878714
74897325
75451053
75771816
76558053
76836651
76838947
77286190
77636231
77638143
77706855
77770243
78325768
78350252
78883551
79942678
80191359
81231273
82104429
82564146
82691319
82926692
83030334
83146945
83698427
85261099
86455408
87505048
88580668
89058697
89293120
89302675
89697323
90250019
90603392
91386764
91543565
92309501
92353207
92389709
92618267
92848666
93124151
94381426
95173304
95470093
95947267
97008296
97354796
98254368
98530618
98615978
99321311
101016876
101085580
101530826
101810260
101839970
103719351
104725667
104760284
105188520
105260552
105791428
105998865
106145256
106830869
107148944
107550043
107874767
108217842
108618069
109418844
109893621
110860077
111134051
111978084
113884879
114490533
115024283
115222114
115238396
115688944
115911062
115918428
116425970
116433626
117134821
117252369
117314484
117389730
118099811
118343043
118525231
120169215
120783368
120907417
121288306
122455186
122511521
124085180
124346603
124390992
125344978
125475844
125782857
126467285
126973093
126991819
127063622
127559633
127877247
128323040
129298113
129374299
129781665
129858433
130130868
130441157
131198872
131548861
132099713
133880626
133897122
135448183
135913777
136611208
137123555
137800946
138605484
138952807
139686077
141164897
141340717
141389351
141694791
142477632
142525072
142740435
142873882
143205656
143438006
143457580
144377861
144646733
145545859
146300843
147037872
147079031
147624458
150064428
150174507
151285851
151730806
152894668
153243621
153827055
153985267
154710060
154945907
154981172
155418609
155991633
156233431
156313617
156462034
156598297
157246508
157288144
158370152
160187519
160909952
161486167
162382938
162844265
162979009
163543052
163818265
163908857
164253886
164353724
164843680
165256438
165774396
165854129
165943600
166131658
167781966
167840755
168324305
169457667
170050652
170663435
170846586
170863917
172126210
172199747
172507366
172992289
174204496
174233375
174881042
175398210
175769974
176026517
176731182
177213899
177742165
178470510
178934105
179646978
180131552
180286336
181032099
181130097
182674459
182698755
182867156
183194789
183490422
184236261
184379548
184480587
184579231
185366945
185780319
186020009
188865755
188953393
189195537
189268183
189929082
190586398
190984694
191804256
192239789
192999291
193346831
194500203
194713159
194898968
194928407
195176292
196049682
196055561
197476469
197497883
198144472
198173922
198406227
198417980
198561003
199243710
200060193
200276103
200378995
201006269
201037137
201593137
201983366
202911858
203390751
205928191
206167636
206426673
206999114
207625314
208478265
208714267
209269588
209477669
209685934
209990573
210956804
211247716
211704008
211926101
212099907
212289868
212406176
212807283
214798698
215668601
215760244
215906586
217351190
217560398
218180991
218907868
218920975
219246171
220085998
220264875
220673973
221936201
224706389
224875209
224902330
225512418
225634360
225715157
226339982
226402711
226454679
226708795
226843106
227605215
227915356
228046918
228983226
229415584
230924903
232665664
232968333
233074392
233298288
233638521
233776645
234580015
234696936
234943191
235056132
235637746
236332438
236441458
236678254
237446777
238276159
238833752
239757334
240132065
240232172
240537406
242125782
242412532
242663250
242812582
243892711
244025810
244641730
245195379
245773049
245840708
245866844
246623608
246949797
248070374
249617338
249620630
250351584
250517007
250600449
250961562
252097712
252396729
252730556
253381381
254124958
254802782
255705207
257302638
257665239
258125956
258895373
259100739
259516392
259736120
260449724
260493194
260838348
262818059
264056250
264193913
264427306
265878479
268329127
268746047
268793405
268942265
268962018
269461264
269543924
269639661
269867119
270053061
270140042
270310293
271614249
271869267
272710711
272840374
272921257
273127020
273659892
273732329
274423720
275325929
276117639
277237733
277349102
277631856
277927789
278589559
280109673
280368015
280855675
281083519
284478440
290107866
291769599
304228726
304930798
305517689
305603482
312513244
317923337
324977694
330110519
335593660
338440815
338696651
339108775
339999932
347101074
355543861
356822772
366830960
385202013
385511617
389233283
390579250
393489183
394330609
396964815
397705352
414242098
425170052
434254469
436848961
442783682
445668473
448065859
454540219
463775556
465941382
470418269
479419719
483410822
490714399
496766573
496974030
501557097
506133938
506550869
509053769
517066780
521039966
521181354
530323651
538683964
540680854
544790945
548513511
549688898
569530949
575764638
580539283
586367956
586768570
599367884
600781980
603733309
604918109
609543946
611933401
622852226
626240188
633850338
634622311
639773369
644067776
653711941
659889750
665733629
669076056
678117373
681870874
686787033
692302738
694822714
700601854
700664990
713537374
722790450
725033706
730383765
735224378
736586777
743383362
747953189
752387940
760426140
762202975
766676038
769842033
771833209
776848624
790478139
790676131
796879866
803443021
811853547
813631760
813914287
816201593
820375179
824247866
826514700
828750545
830480320
835381419
841691223
841741324
842041617
859615641
873834029
879559979
884522378
895092306
902645537
909288921
910360163
918232322
919512475
921384144
921593661
921914528
923923892
932301455
932679734
935633373
944150152
945114966
967936344
968906285
970950357
975830226
982707286
984884683
992284099
1000776225
1008014754
1012904694
1015407052
1018074712
1021819886
1023853431
1024593818
1027626095
1031182417
1046942661
1049909944
1058403162
1059659670
1065804863
1068527357
1073033610
1083449326
1091646889
1096252046
1097007978
1104066701
1105038290
1113792596
1120201896
1121885370
1127798017
1128744272
1133661517
1135762596
1156212425
1157719581
1170465803
1172639321
1174324508
1176668432
1181577765
1183150125
1186635951
1187986758
1188384405
1199602326
1204603784
1206111496
1214948443
1228291485
1234275714
1234323246
1244524829
1245435894
1248493896
1250677992
1260134659
1261460649
1262482333
1268461585
1281314228
1283726571
1286621334
1287474131
1290289636
1291068880
1293443599
1304673256
1306826560
1310261048
1315903526
1316936620
1319468289
1332955822
1335661625
1341116058
1343584954
1349157676
1358474797
1360263063
1376392997
1388248436
1393586673
1399217845
1408038857
1410894457
1419185365
1422155736
1423773480
1443061892
1450595519
1458174274
1462476469
1465435871
1466104882
1469111546
1472384645
1476779259
1478069362
1479847986
1481605040
1487272560
1490598694
1491505964
1492416321
1502564652
1505973473
1509877029
1521198319
1523968136
1528773946
1534519942
1537189277
1538127493
1539256781
1540491928
1544279649
1546105808
1559208677
1571357432
1579345742
1588349214
1600902518
1611176707
1616810821
1622418727
1623360375
1626826039
1634676056
1636387596
1646484525
1648938606
1651010605
1659548251
1660985095
1670738226
1672081025
1672920916
1674583093
1679931157
1682319536
1688286865
1688450376
1689501241
1694420681
1708500905
1709328470
1710425823
1719320654
1719926760
1730409271
1736927265
1737934874
1739513598
1739911588
1745084256
1760692273
1762442983
1767097746
1773434450
1775356193
1790027568
1794981751
1797840514
1798259000
1802895202
1806484976
1815959298
1820504492
1822604346
1824615092
1828892479
1830338046
1836964077
1837743924
1839705765
1848546081
1862697651
1870456083
1875615063
1881724410
1885017953
1885217229
1886686319
1889500308
1894999919
1898410929
1912822459
1914714646
1939437323
1940424244
1943449315
1945419388
1950993089
1959515681
1959987843
1961405668
1962400701
1963539959
1965204818
1979449956
1985644528
1995051051
2006907812
2011091592
2011806805
2015313102
2018198763
2021287106
2024279239
2025688217
2028264861
2038937711
2040817188
2046793023
2047119431
2050956697
2056910880
2067070981
2070751502
2073848904
2084279207
2089492223
2108537901
2111215034
2114346278
2114473524
2127455481
2136154307
2136994601
2137771464
2137802163
2139368822
2148515428
2149626947
2150731178
2157463352
2160487184
2168033230
2172613058
2181077089
2188584132
2189580009
2201686706
2210443589
2212561306
2222422978
2224185744
2225957077
2227122080
2229296131
2232918392
2235535116
2235625089
2237314074
2247482988
2258689911
2263414612
2268901658
2276845453
2280708842
2292676506
2294406953
2294714549
2299895291
2302221362
2304404322
2313491088
2314687725
2317671772
2326502203
2326985098
2328934379
2329334877
2337853924
2342032110
2346790447
2349916811
2358991346
2375742207
2380490754
2396502351
2397541396
2406141724
2415232288
2418996015
2421289427
2423031560
2423525743
2425032000
2435161539
2442291426
2449168489
2449868649
2451059640
2458631195
2459692575
2462314887
2465780429
2472169544
2481410001
2487475497
2496251423
2496603031
2500790873
2507833441
2518694688
2521732973
2522934851
2526881469
2543422774
2550437150
2552083426
2552967280
2553289335
2556455006
2566519904
2568741711
2583554595
2584106667
2584232544
2593813187
2594680240
2598265589
2601851661
2603329290
2606648972
2608330579
2624810923
2627342373
2632178079
2635783371
2648862961
2649863069
2651026220
2653715636
2662583883
2675428009
2676833340
2678906920
2680760634
2687882820
2688161895
2698405911
2699511319
2705353635
2712700932
2728451068
2731139981
2734073302
2736534551
2738762558
2743240677
2748560362
2752173061
2761779093
2764864457
2765544466
2778374073
2778886655
2783317732
2788128055
2788889924
2795490493
2803791181
2807022385
2812774633
2814388531
2827135438
2827928511
2833312105
2840608993
2844479093
2851375354
2858820528
2863588053
2867309745
2871282599
2875675161
2877218274
2886998510
2899103310
2902842068
2903747978
2905091518
2906544953
2910041462
2913963042
2916648650
2918198644
2931186556
2932863849
2942284938
2943911090
2948858398
2963907444
2964744993
2976997478
2979504580
2981474189
2987204149
2988774985
2990872175
3005364857
3020413381
3022097202
3023401611
3041409909
3042931148
3043557538
3043657687
3044518534
3045949866
3048024524
3060422903
3072867379
3073018741
3076704537
3079842706
3080730532
3087152263
3092695904
3098732726
3100412316
3101188104
3107321611
3112079704
3121195503
3127620497
3140734968
3143391254
3146891442
3147922042
3150474835
3158038857
3172720012
3176849462
3177989549
3185362722
3185685537
3189162673
3194929788
3196622048
3199358336
3199831177
3201975186
3202106869
3207754119
3220288363
3221433214
3227836150
3240750839
3244053373
3251945688
3258707314
3259938649
3268760028
3270720093
3271417909
3275116047
3281279530
3297914076
3301330911
3303400052
3306232029
3306780316
3311107643
3314875313
3314997110
3315302112
3326801265
3338183159
3347874206
3352450250
3366836326
3374920676
3382133619
3383057546
3384697234
3389815151
3390826929
3405877066
3410465655
3410693474
3410874764
3417711409
3422104264
3425291092
3427012708
3441692005
3456265970
3458482432
3461238232
3464199618
3470099618
3471736146
3472935928
3490324094
3498153340
3499139987
3501743840
3504003934
3510883806
3514769230
3536517340
3541251011
3542716473
3546510680
3548800427
3550030841
3553107884
3555105360
3561415552
3563421677
3567654568
3578087236
3584500788
3592777571
3601197015
3606286171
3609394974
3635271671
3635359882
3640988502
3645566688
3651566717
3652158540
3652545716
3656484944
3657144971
3657590758
3670450337
3674367634
3674883651
3677149499
3684758560
3688444024
3688473922
3699098461
3707049694
3718582330
3725416567
3725974795
3727520433
3728817007
3743398946
3748394770
3755799375
3762762112
3762800592
3762972247
3777342546
3778826513
3780104572
3780202939
3788390053
3805500975
3815301193
3818682794
3823418651
3831252437
3836857662
3837502631
3844412522
3846281281
3846499677
3852402855
3859375604
3859561667
3879005960
3881892989
3882473248
3886503784
3895722162
3899690092
3904421133
3906452658
3908442306
3912729010
3914519795
3936777342
3947892590
3953363154
3954613960
3956769894
3962012711
3979672339
3991124774
3997538654
4001411394
4002608159
4004227368
4009667639
4010019152
4010910415
4012461537
4013445958
4021467388
4041458493
4048006599
4050713787
4055432207
4057277746
4060904604
4061379513
4073439958
4079258085
4079937256
4081359629
4100889371
4106459640
4108054645
4117051148
4119505318
4122489675
4127300916
4143542045
4146473579
4152002879
4160450310
4160794623
4163114817
4164178864
4168005684
4170031192
4174402860
4177008667
4179365800
4183077149
4183226286
4183949443
4188961925
4193534729
4195037433
4212862774
4221324833
4222962960
4227451082
4237453605
4251634067
4262860362
4278674693
4280427849
4284090683
4286025110
4290827847
4297930308
4300633449
4311178817
4312077278
4319070475
4320727710
4328072243
4329059881
4329659351
4342956904
4343962917
4344232731
4344970218
4359412719
4362344822
4397077847
4398973241
4400675476
4409079541
4414966330
4417180201
4424973206
4426440553
4428758308
4429496559
4438357000
4441544381
4444046130
4452275571
4454707933
4467594057
4473573389
4474229313
4480309307
4484506798
4496113479
4503670461
4506173968
4508412856
4531564580
4542819588
4546946550
4547501291
4551145623
4563074075
4565428587
4567140985
4574981548
4577858858
4578319897
4579004274
4597745397
4600397999
4600457707
4601083819
4613674458
4620820958
4622270856
4625318259
4634771719
4645808088
4663534520
4674703730
4676864600
4679592777
4683206338
4683858990
4687475691
4687530278
4688710515
4699991626
4702738995
4706325919
4707183736
4707772532
